estandar:
  makespan:
    promedio: 1552.9123592626286
    std: 5.48039362822134
    min: 1543.0675364273065
    max: 1564.44209976522
  balance:
    promedio: 281.11394156475785
    std: 3.0735602440860657
  energia:
    promedio: 624.1939395520359
    std: 0.4406522963972069
  score_agregado:
    promedio: 2.6052082794453204
    std: 0.010447236443036788
  tiempo_ejecucion:
    promedio: 25.165974148114522
    std: 5.2424955266186695
memetico:
  makespan:
    promedio: 1554.654756341036
    std: 5.496488011687202
    min: 1543.225765754756
    max: 1563.653641393798
  balance:
    promedio: 280.2404117638301
    std: 3.144348750470867
  energia:
    promedio: 624.3759372382399
    std: 0.4379772888330305
  score_agregado:
    promedio: 2.6034277086760085
    std: 0.01085830602807363
  tiempo_ejecucion:
    promedio: 20.66457420984904
    std: 4.911547293882905
comparacion:
  mejora_makespan_pct: -0.11220189394557112
  mejora_balance_pct: 0.31073869764888273
  mejora_energia_pct: -0.029157233781316957
  mejora_score_pct: 0.06834658032374415
  overhead_computacional_pct: -17.886849568280013
  version_recomendada: memetico
  razon: "El algoritmo mem\xE9tico mejora MODERADAMENTE el score agregado en +0.07%,\
    \ con mejoras en makespan (-0.11%), balance (+0.31%) y energ\xEDa (-0.03%). El\
    \ overhead computacional (-17.89%) es aceptable."
