estandar:
  makespan:
    promedio: 1552.690092915303
    std: 5.665201434051212
    min: 1543.0655585436066
    max: 1564.4595197652202
  balance:
    promedio: 281.01402490363
    std: 1.951796938109366
  energia:
    promedio: 624.1660862113891
    std: 0.42653594168531567
  score_agregado:
    promedio: 2.604724300247926
    std: 0.006968303102051687
  tiempo_ejecucion:
    promedio: 16.49572349389394
    std: 3.1922383146367554
memetico:
  makespan:
    promedio: 1554.654756341036
    std: 5.496488011687202
    min: 1543.225765754756
    max: 1563.653641393798
  balance:
    promedio: 280.24041176383
    std: 3.144348750470867
  energia:
    promedio: 624.37593723824
    std: 0.43797728883303044
  score_agregado:
    promedio: 2.6034277086760085
    std: 0.010858306028073628
  tiempo_ejecucion:
    promedio: 20.33507001399994
    std: 4.103857276983461
comparacion:
  mejora_makespan_pct: -0.12653287572951935
  mejora_balance_pct: 0.27529342710395943
  mejora_energia_pct: -0.033621023552341006
  mejora_score_pct: 0.04977845723611609
  overhead_computacional_pct: 23.27479920190934
  score_balanceado:
    estandar: 0.7
    memetico: 0.3
    mejora_pct: 57.14285714285714
    pesos:
      score: 0.7
      tiempo: 0.3
  version_recomendada: memetico
  razon: "El algoritmo mem\xE9tico es RECOMENDADO seg\xFAn score balanceado (+57.14%).\
    \ Mejora el score agregado en +0.05% con overhead computacional de +23.27%. El\
    \ balance calidad/tiempo favorece al mem\xE9tico."
