estandar:
  makespan:
    promedio: 1549.4041063569769
    std: 7.196753520872946
    min: 1540.6172268258924
    max: 1562.9398971852204
  balance:
    promedio: 284.8499116601599
    std: 2.268667163107265
  energia:
    promedio: 623.7169828860062
    std: 0.44935533922444937
  score_agregado:
    promedio: 2.6152260199780772
    std: 0.010022773672250096
  tiempo_ejecucion:
    promedio: 60.809999497731525
    std: 13.240555268839193
memetico:
  makespan:
    promedio: 1547.449392731369
    std: 5.911470753942515
    min: 1541.244445008533
    max: 1561.1477792988155
  balance:
    promedio: 284.3131324073874
    std: 2.999544041435272
  energia:
    promedio: 623.6082410699983
    std: 0.3771869403220872
  score_agregado:
    promedio: 2.6123040535379256
    std: 0.011514180818562933
  tiempo_ejecucion:
    promedio: 67.02251017093658
    std: 17.02174187644605
comparacion:
  mejora_makespan_pct: 0.12615905802675592
  mejora_balance_pct: 0.18844283631475384
  mejora_energia_pct: 0.017434480540327382
  mejora_score_pct: 0.11172902142416469
  overhead_computacional_pct: 10.216264963851566
  version_recomendada: memetico
  razon: "El algoritmo mem\xE9tico mejora MODERADAMENTE el score agregado en +0.11%,\
    \ con mejoras en makespan (+0.13%), balance (+0.19%) y energ\xEDa (+0.02%). El\
    \ overhead computacional (+10.22%) es aceptable."
